楼栋	房号	建筑面积	套内面积	公摊面积	价格	总价
4栋	2101	88.14	67.06	21.08	47647.3	4199633.022
4栋	2102	112.02	85.23	26.79	48755.77	5461621.355
4栋	2001	88.14	67.06	21.08	47567.3	4192581.822
4栋	2002	112.02	85.23	26.79	48675.77	5452659.755
4栋	2003	88.14	67.06	21.08	47730.84	4206996.238
4栋	2005	87.88	66.86	21.02	49657.04	4363860.675
4栋	2006	88	66.95	21.05	49711.56	4374617.28
4栋	1901	88.14	67.06	21.08	47487.3	4185530.622
4栋	1902	112.02	85.23	26.79	48595.77	5443698.155
4栋	1903	88.14	67.06	21.08	47650.84	4199945.038
4栋	1905	87.88	66.86	21.02	49577.04	4356830.275
4栋	1906	88	66.95	21.05	49631.56	4367577.28
4栋	1801	88.14	67.06	21.08	47407.3	4178479.422
4栋	1802	112.02	85.23	26.79	48515.77	5434736.555
4栋	1803	88.14	67.06	21.08	47570.84	4192893.838
4栋	1805	87.88	66.86	21.02	49497.04	4349799.875
4栋	1806	88	66.95	21.05	49551.56	4360537.28
4栋	1701	88.14	67.06	21.08	47327.3	4171428.222
4栋	1702	112.02	85.23	26.79	48435.77	5425774.955
4栋	1703	88.14	67.06	21.08	47490.84	4185842.638
4栋	1705	87.88	66.86	21.02	49417.03	4342768.596
4栋	1706	88	66.95	21.05	49471.56	4353497.28
4栋	1601	88.14	67.06	21.08	47247.3	4164377.022
4栋	1602	112.02	85.23	26.79	48355.77	5416813.355
4栋	1603	88.14	67.06	21.08	47410.85	4178792.319
4栋	1605	87.88	66.86	21.02	49337.04	4335739.075
4栋	1606	88	66.95	21.05	49391.56	4346457.28
4栋	1501	88.14	67.06	21.08	47167.3	4157325.822
4栋	1502	112.02	85.23	26.79	48275.77	5407851.755
4栋	1503	88.14	67.06	21.08	47330.84	4171740.238
4栋	1505	87.88	66.86	21.02	49257.04	4328708.675
4栋	1506	88	66.95	21.05	49311.56	4339417.28
4栋	1401	88.14	67.06	21.08	47087.3	4150274.622
4栋	1402	112.02	85.23	26.79	48195.77	5398890.155
4栋	1403	88.14	67.06	21.08	47250.84	4164689.038
4栋	1405	87.88	66.86	21.02	49177.04	4321678.275
4栋	1406	88	66.95	21.05	49231.56	4332377.28
4栋	1301	88.14	67.06	21.08	47007.3	4143223.422
4栋	1302	112.02	85.23	26.79	48115.77	5389928.555
4栋	1303	88.14	67.06	21.08	47170.84	4157637.838
4栋	1305	87.88	66.86	21.02	49097.04	4314647.875
4栋	1306	88	66.95	21.05	49151.56	4325337.28
4栋	1201	88.14	67.06	21.08	46927.31	4136173.103
4栋	1202	112.02	85.23	26.79	48035.77	5380966.955
4栋	1203	88.14	67.06	21.08	47090.84	4150586.638
4栋	1205	87.88	66.86	21.02	49017.05	4307618.354
4栋	1206	88	66.95	21.05	49071.57	4318298.16
4栋	1101	88.14	67.06	21.08	46727.3	4118544.222
4栋	1102	112.02	85.23	26.79	47835.77	5358562.955
4栋	1103	88.14	67.06	21.08	46890.84	4132958.638
4栋	1105	87.88	66.86	21.02	48817.03	4290040.596
4栋	1106	88	66.95	21.05	48871.56	4300697.28
4栋	1001	88.14	67.06	21.08	46647.31	4111493.903
4栋	1002	112.02	85.23	26.79	47755.78	5349602.476
4栋	1003	88.14	67.06	21.08	46810.85	4125908.319
4栋	1005	87.88	66.86	21.02	48737.05	4283011.954
4栋	1006	88	66.95	21.05	48791.57	4293658.16
4栋	902	112.02	85.23	26.79	47675.77	5340639.755
4栋	903	88.14	67.06	21.08	46730.84	4118856.238
4栋	905	87.88	66.86	21.02	48657.04	4275980.675
4栋	906	88	66.95	21.05	48711.56	4286617.28
4栋	801	88.14	67.06	21.08	46487.3	4097390.622
4栋	802	112.02	85.23	26.79	47595.77	5331678.155
4栋	803	88.14	67.06	21.08	46650.84	4111805.038
4栋	805	87.88	66.86	21.02	48577.04	4268950.275
4栋	806	88	66.95	21.05	48631.56	4279577.28
4栋	701	88.14	67.06	21.08	46407.3	4090339.422
4栋	702	112.02	85.23	26.79	47515.77	5322716.555
4栋	703	88.14	67.06	21.08	46570.84	4104753.838
4栋	705	87.88	66.86	21.02	48497.04	4261919.875
4栋	706	88	66.95	21.05	48551.56	4272537.28
4栋	601	88.14	67.06	21.08	46327.3	4083288.222
4栋	602	112.02	85.23	26.79	47435.77	5313754.955
4栋	603	88.14	67.06	21.08	46490.84	4097702.638
4栋	605	87.88	66.86	21.02	48417.03	4254888.596
4栋	606	88	66.95	21.05	48471.56	4265497.28
4栋	501	88.14	67.06	21.08	46247.3	4076237.022
4栋	502	112.02	85.23	26.79	47355.77	5304793.355
4栋	503	88.14	67.06	21.08	46410.85	4090652.319
4栋	505	87.88	66.86	21.02	48337.04	4247859.075
4栋	506	88	66.95	21.05	48391.56	4258457.28
4栋	403	88.14	67.06	21.08	46330.84	4083600.238
4栋	405	87.88	66.86	21.02	48257.04	4240828.675
5栋	2302	142.31	107.65	34.66	53028.43	7546475.873
5栋	2303	142.23	107.6	34.63	52678.62	7492480.123
5栋	2201	139.47	105.5	33.97	50528.92	7047268.472
5栋	2205	118.91	89.95	28.96	49708.01	5910779.469
5栋	2101	139.47	105.5	33.97	50448.92	7036110.872
5栋	2102	88.65	67.06	21.59	50518.43	4478458.82
5栋	2103	88.65	67.06	21.59	50168.62	4447448.163
5栋	2105	118.91	89.95	28.96	49628.01	5901266.669
5栋	2001	139.47	105.5	33.97	50368.92	7024953.272
5栋	2002	88.65	67.06	21.59	50438.43	4471366.82
5栋	2003	88.65	67.06	21.59	50088.62	4440356.163
5栋	2005	118.91	89.95	28.96	49548.01	5891753.869
5栋	1901	139.47	105.5	33.97	50288.92	7013795.672
5栋	1902	88.65	67.06	21.59	50358.43	4464274.82
5栋	1903	88.65	67.06	21.59	50008.62	4433264.163
5栋	1905	118.91	89.95	28.96	49468.01	5882241.069
5栋	1801	139.47	105.5	33.97	50208.92	7002638.072
5栋	1802	88.65	67.06	21.59	50278.43	4457182.82
5栋	1803	88.65	67.06	21.59	49928.62	4426172.163
5栋	1805	118.91	89.95	28.96	49388.01	5872728.269
5栋	1701	139.47	105.5	33.97	50128.92	6991480.472
5栋	1702	88.65	67.06	21.59	50198.43	4450090.82
5栋	1703	88.65	67.06	21.59	49848.62	4419080.163
5栋	1705	118.91	89.95	28.96	49308.01	5863215.469
5栋	1601	139.47	105.5	33.97	50048.92	6980322.872
5栋	1602	88.65	67.06	21.59	50118.43	4442998.82
5栋	1603	88.65	67.06	21.59	49768.62	4411988.163
5栋	1605	118.91	89.95	28.96	49228.01	5853702.669
5栋	1501	139.47	105.5	33.97	49968.92	6969165.272
5栋	1502	88.65	67.06	21.59	50038.43	4435906.82
5栋	1503	88.65	67.06	21.59	49688.62	4404896.163
5栋	1505	118.91	89.95	28.96	49148.01	5844189.869
5栋	1401	139.47	105.5	33.97	49888.92	6958007.672
5栋	1402	88.65	67.06	21.59	49958.43	4428814.82
5栋	1403	88.65	67.06	21.59	49608.62	4397804.163
5栋	1405	118.91	89.95	28.96	49068.01	5834677.069
5栋	1301	139.47	105.5	33.97	49808.92	6946850.072
5栋	1302	88.65	67.06	21.59	49878.43	4421722.82
5栋	1303	88.65	67.06	21.59	49528.62	4390712.163
5栋	1305	118.91	89.95	28.96	48988.01	5825164.269
5栋	1201	139.47	105.5	33.97	49728.92	6935692.472
5栋	1202	88.65	67.06	21.59	49798.43	4414630.82
5栋	1203	88.65	67.06	21.59	49448.62	4383620.163
5栋	1205	118.91	89.95	28.96	48908.01	5815651.469
5栋	1101	139.47	105.5	33.97	49528.92	6907798.472
5栋	1102	88.65	67.06	21.59	49598.43	4396900.82
5栋	1103	88.65	67.06	21.59	49248.62	4365890.163
5栋	1105	118.91	89.95	28.96	48708.01	5791869.469
5栋	1001	139.47	105.5	33.97	49448.92	6896640.872
5栋	1002	88.65	67.06	21.59	49518.43	4389808.82
5栋	1003	88.65	67.06	21.59	49168.62	4358798.163
5栋	1005	118.91	89.95	28.96	48628.01	5782356.669
5栋	901	139.47	105.5	33.97	49368.92	6885483.272
5栋	902	88.65	67.06	21.59	49438.43	4382716.82
5栋	903	88.65	67.06	21.59	49088.62	4351706.163
5栋	905	118.91	89.95	28.96	48548.01	5772843.869
5栋	801	139.47	105.5	33.97	49288.92	6874325.672
5栋	802	88.65	67.06	21.59	49358.43	4375624.82
5栋	803	88.65	67.06	21.59	49008.62	4344614.163
5栋	805	118.91	89.95	28.96	48468.01	5763331.069
5栋	701	139.47	105.5	33.97	49208.92	6863168.072
5栋	702	88.65	67.06	21.59	49278.43	4368532.82
5栋	703	88.65	67.06	21.59	48928.62	4337522.163
5栋	705	118.91	89.95	28.96	48388.01	5753818.269
5栋	601	139.47	105.5	33.97	49128.92	6852010.472
5栋	602	88.65	67.06	21.59	49198.43	4361440.82
5栋	603	88.65	67.06	21.59	48848.62	4330430.163
5栋	605	118.91	89.95	28.96	48308.01	5744305.469
5栋	501	139.47	105.5	33.97	49048.92	6840852.872
5栋	502	88.65	67.06	21.59	49118.43	4354348.82
5栋	503	88.65	67.06	21.59	48768.62	4323338.163
5栋	505	118.91	89.95	28.96	48228.01	5734792.669
5栋	402	88.65	67.06	21.59	49038.43	4347256.82
5栋	403	88.65	67.06	21.59	48688.62	4316246.163
6栋	2605	141.83	107.58	34.25	52505.1	7446798.333
6栋	2501	114.4	86.78	27.62	49747.43	5691105.992
6栋	2502	167.52	127.07	40.45	53038.18	8884955.914
6栋	2503	88.41	67.06	21.35	50051.82	4425081.406
6栋	2505	88.41	67.06	21.35	49670.2	4391342.382
6栋	2401	114.4	86.78	27.62	49667.43	5681953.992
6栋	2402	114.43	86.8	27.63	49958.18	5716714.537
6栋	2403	88.41	67.06	21.35	49971.81	4418007.722
6栋	2405	88.41	67.06	21.35	49590.2	4384269.582
6栋	2301	114.4	86.78	27.62	49587.43	5672801.992
6栋	2302	114.43	86.8	27.63	49878.18	5707560.137
6栋	2303	88.41	67.06	21.35	49891.81	4410934.922
6栋	2305	88.41	67.06	21.35	49510.2	4377196.782
6栋	2201	114.4	86.78	27.62	49507.43	5663649.992
6栋	2202	114.43	86.8	27.63	49798.18	5698405.737
6栋	2203	88.41	67.06	21.35	49811.81	4403862.122
6栋	2205	88.41	67.06	21.35	49430.2	4370123.982
6栋	2101	114.4	86.78	27.62	49427.43	5654497.992
6栋	2102	114.43	86.8	27.63	49718.18	5689251.337
6栋	2103	88.41	67.06	21.35	49731.81	4396789.322
6栋	2105	88.41	67.06	21.35	49350.2	4363051.182
6栋	2001	114.4	86.78	27.62	49347.43	5645345.992
6栋	2002	114.43	86.8	27.63	49638.18	5680096.937
6栋	2003	88.41	67.06	21.35	49651.82	4389717.406
6栋	2005	88.41	67.06	21.35	49270.2	4355978.382
6栋	1901	114.4	86.78	27.62	49267.43	5636193.992
6栋	1902	114.43	86.8	27.63	49558.18	5670942.537
6栋	1903	88.41	67.06	21.35	49571.81	4382643.722
6栋	1905	88.41	67.06	21.35	49190.2	4348905.582
6栋	1801	114.4	86.78	27.62	49187.43	5627041.992
6栋	1802	114.43	86.8	27.63	49478.18	5661788.137
6栋	1803	88.41	67.06	21.35	49491.81	4375570.922
6栋	1805	88.41	67.06	21.35	49110.2	4341832.782
6栋	1701	114.4	86.78	27.62	49107.43	5617889.992
6栋	1702	114.43	86.8	27.63	49398.18	5652633.737
6栋	1703	88.41	67.06	21.35	49411.81	4368498.122
6栋	1705	88.41	67.06	21.35	49030.2	4334759.982
6栋	1601	114.4	86.78	27.62	49027.43	5608737.992
6栋	1602	114.43	86.8	27.63	49318.18	5643479.337
6栋	1603	88.41	67.06	21.35	49331.81	4361425.322
6栋	1605	88.41	67.06	21.35	48950.2	4327687.182
6栋	1501	114.4	86.78	27.62	48947.43	5599585.992
6栋	1502	114.43	86.8	27.63	49238.18	5634324.937
6栋	1503	88.41	67.06	21.35	49251.82	4354353.406
6栋	1505	88.41	67.06	21.35	48870.2	4320614.382
6栋	1401	114.4	86.78	27.62	48867.43	5590433.992
6栋	1402	114.43	86.8	27.63	49158.18	5625170.537
6栋	1403	88.41	67.06	21.35	49171.81	4347279.722
6栋	1405	88.41	67.06	21.35	48790.2	4313541.582
6栋	1301	114.4	86.78	27.62	48787.43	5581281.992
6栋	1302	114.43	86.8	27.63	49078.18	5616016.137
6栋	1303	88.41	67.06	21.35	49091.81	4340206.922
6栋	1305	88.41	67.06	21.35	48710.2	4306468.782
6栋	1201	114.4	86.78	27.62	48707.43	5572129.992
6栋	1202	114.43	86.8	27.63	48998.18	5606861.737
6栋	1203	88.41	67.06	21.35	49011.81	4333134.122
6栋	1205	88.41	67.06	21.35	48630.2	4299395.982
6栋	1101	114.4	86.78	27.62	48507.43	5549249.992
6栋	1102	114.43	86.8	27.63	48798.18	5583975.737
6栋	1103	88.41	67.06	21.35	48811.81	4315452.122
6栋	1105	88.41	67.06	21.35	48430.2	4281713.982
6栋	1001	114.4	86.78	27.62	48427.43	5540097.992
6栋	1002	114.43	86.8	27.63	48718.18	5574821.337
6栋	1003	88.41	67.06	21.35	48731.81	4308379.322
6栋	1005	88.41	67.06	21.35	48350.2	4274641.182
6栋	901	114.4	86.78	27.62	48347.43	5530945.992
6栋	902	114.43	86.8	27.63	48638.18	5565666.937
6栋	903	88.41	67.06	21.35	48651.82	4301307.406
6栋	905	88.41	67.06	21.35	48270.2	4267568.382
6栋	801	114.4	86.78	27.62	48267.43	5521793.992
6栋	802	114.43	86.8	27.63	48558.18	5556512.537
6栋	803	88.41	67.06	21.35	48571.81	4294233.722
6栋	805	88.41	67.06	21.35	48190.2	4260495.582
6栋	701	114.4	86.78	27.62	48187.43	5512641.992
6栋	702	114.43	86.8	27.63	48478.18	5547358.137
6栋	703	88.41	67.06	21.35	48491.81	4287160.922
6栋	705	88.41	67.06	21.35	48110.2	4253422.782
6栋	601	114.4	86.78	27.62	48107.43	5503489.992
6栋	602	114.43	86.8	27.63	48398.18	5538203.737
6栋	603	88.41	67.06	21.35	48411.81	4280088.122
6栋	605	88.41	67.06	21.35	48030.2	4246349.982
6栋	501	114.4	86.78	27.62	48027.43	5494337.992
6栋	502	114.43	86.8	27.63	48318.18	5529049.337
6栋	503	88.41	67.06	21.35	48331.81	4273015.322
6栋	505	88.41	67.06	21.35	47950.2	4239277.182
6栋	401	114.4	86.78	27.62	47947.43	5485185.992
6栋	402	114.43	86.8	27.63	48238.18	5519894.937
6栋	403	88.41	67.06	21.35	48251.82	4265943.406
6栋	405	88.41	67.06	21.35	47870.2	4232204.382
7栋	2701	141.05	107.64	33.41	50662.87	7145997.814
7栋	2702	170.14	129.86	40.28	52761.91	8976911.367
7栋	2703	141.05	107.65	33.4	52230.17	7367065.479
7栋	2705	145.4	110.97	34.43	52557.63	7641879.402
7栋	2706	145.52	111.06	34.46	52643.94	7660746.149
7栋	2601	87.86	67.06	20.8	48232.87	4237739.958
7栋	2602	111.66	85.23	26.43	49682.06	5547498.82
7栋	2603	87.86	67.06	20.8	49800.17	4375442.936
7栋	2605	87.6	66.86	20.74	49477.63	4334240.388
7栋	2606	87.72	66.95	20.77	49563.94	4347748.817
7栋	2501	87.86	67.06	20.8	48152.87	4230711.158
7栋	2502	111.66	85.23	26.43	49602.06	5538566.02
7栋	2503	87.86	67.06	20.8	49720.17	4368414.136
7栋	2505	87.6	66.86	20.74	49397.63	4327232.388
7栋	2506	87.72	66.95	20.77	49483.94	4340731.217
7栋	2401	87.86	67.06	20.8	48072.87	4223682.358
7栋	2402	111.66	85.23	26.43	49522.06	5529633.22
7栋	2403	87.86	67.06	20.8	49640.17	4361385.336
7栋	2405	87.6	66.86	20.74	49317.63	4320224.388
7栋	2406	87.72	66.95	20.77	49403.94	4333713.617
7栋	2301	87.86	67.06	20.8	47992.88	4216654.437
7栋	2302	111.66	85.23	26.43	49442.06	5520700.42
7栋	2303	87.86	67.06	20.8	49560.18	4354357.415
7栋	2305	87.6	66.86	20.74	49237.63	4313216.388
7栋	2306	87.72	66.95	20.77	49323.94	4326696.017
7栋	2201	87.86	67.06	20.8	47912.87	4209624.758
7栋	2202	111.66	85.23	26.43	49362.06	5511767.62
7栋	2203	87.86	67.06	20.8	49480.17	4347327.736
7栋	2205	87.6	66.86	20.74	49157.63	4306208.388
7栋	2206	87.72	66.95	20.77	49243.94	4319678.417
7栋	2101	87.86	67.06	20.8	47832.87	4202595.958
7栋	2102	111.66	85.23	26.43	49282.06	5502834.82
7栋	2103	87.86	67.06	20.8	49400.17	4340298.936
7栋	2105	87.6	66.86	20.74	49077.63	4299200.388
7栋	2106	87.72	66.95	20.77	49163.94	4312660.817
7栋	2001	87.86	67.06	20.8	47752.87	4195567.158
7栋	2002	111.66	85.23	26.43	49202.06	5493902.02
7栋	2003	87.86	67.06	20.8	49320.17	4333270.136
7栋	2005	87.6	66.86	20.74	48997.63	4292192.388
7栋	2006	87.72	66.95	20.77	49083.94	4305643.217
7栋	1901	87.86	67.06	20.8	47672.87	4188538.358
7栋	1902	111.66	85.23	26.43	49122.06	5484969.22
7栋	1903	87.86	67.06	20.8	49240.17	4326241.336
7栋	1905	87.6	66.86	20.74	48917.63	4285184.388
7栋	1906	87.72	66.95	20.77	49003.94	4298625.617
7栋	1801	87.86	67.06	20.8	47592.88	4181510.437
7栋	1802	111.66	85.23	26.43	49042.06	5476036.42
7栋	1803	87.86	67.06	20.8	49160.18	4319213.415
7栋	1805	87.6	66.86	20.74	48837.63	4278176.388
7栋	1806	87.72	66.95	20.77	48923.94	4291608.017
7栋	1701	87.86	67.06	20.8	47512.87	4174480.758
7栋	1702	111.66	85.23	26.43	48962.06	5467103.62
7栋	1703	87.86	67.06	20.8	49080.17	4312183.736
7栋	1705	87.6	66.86	20.74	48757.63	4271168.388
7栋	1706	87.72	66.95	20.77	48843.94	4284590.417
7栋	1601	87.86	67.06	20.8	47432.87	4167451.958
7栋	1602	111.66	85.23	26.43	48882.06	5458170.82
7栋	1603	87.86	67.06	20.8	49000.17	4305154.936
7栋	1605	87.6	66.86	20.74	48677.63	4264160.388
7栋	1606	87.72	66.95	20.77	48763.94	4277572.817
7栋	1501	87.86	67.06	20.8	47352.87	4160423.158
7栋	1502	111.66	85.23	26.43	48802.06	5449238.02
7栋	1503	87.86	67.06	20.8	48920.17	4298126.136
7栋	1505	87.6	66.86	20.74	48597.63	4257152.388
7栋	1506	87.72	66.95	20.77	48683.94	4270555.217
7栋	1401	87.86	67.06	20.8	47272.87	4153394.358
7栋	1402	111.66	85.23	26.43	48722.06	5440305.22
7栋	1403	87.86	67.06	20.8	48840.17	4291097.336
7栋	1405	87.6	66.86	20.74	48517.63	4250144.388
7栋	1406	87.72	66.95	20.77	48603.94	4263537.617
7栋	1301	87.86	67.06	20.8	47192.88	4146366.437
7栋	1302	111.66	85.23	26.43	48642.06	5431372.42
7栋	1303	87.86	67.06	20.8	48760.18	4284069.415
7栋	1305	87.6	66.86	20.74	48437.63	4243136.388
7栋	1306	87.72	66.95	20.77	48523.94	4256520.017
7栋	1201	87.86	67.06	20.8	47112.87	4139336.758
7栋	1202	111.66	85.23	26.43	48562.06	5422439.62
7栋	1203	87.86	67.06	20.8	48680.17	4277039.736
7栋	1205	87.6	66.86	20.74	48357.63	4236128.388
7栋	1206	87.72	66.95	20.77	48443.94	4249502.417
7栋	1101	87.86	67.06	20.8	46912.87	4121764.758
7栋	1102	111.66	85.23	26.43	48362.06	5400107.62
7栋	1103	87.86	67.06	20.8	48480.17	4259467.736
7栋	1105	87.6	66.86	20.74	48157.63	4218608.388
7栋	1106	87.72	66.95	20.77	48243.94	4231958.417
7栋	1001	87.86	67.06	20.8	46832.87	4114735.958
7栋	1002	111.66	85.23	26.43	48282.06	5391174.82
7栋	1003	87.86	67.06	20.8	48400.17	4252438.936
7栋	1005	87.6	66.86	20.74	48077.63	4211600.388
7栋	1006	87.72	66.95	20.77	48163.94	4224940.817
7栋	901	87.86	67.06	20.8	46752.87	4107707.158
7栋	902	111.66	85.23	26.43	48202.06	5382242.02
7栋	903	87.86	67.06	20.8	48320.17	4245410.136
7栋	905	87.6	66.86	20.74	47997.63	4204592.388
7栋	906	87.72	66.95	20.77	48083.94	4217923.217
7栋	801	87.86	67.06	20.8	46672.87	4100678.358
7栋	802	111.66	85.23	26.43	48122.06	5373309.22
7栋	803	87.86	67.06	20.8	48240.17	4238381.336
7栋	805	87.6	66.86	20.74	47917.63	4197584.388
7栋	806	87.72	66.95	20.77	48003.94	4210905.617
7栋	701	87.86	67.06	20.8	46592.88	4093650.437
7栋	702	111.66	85.23	26.43	48042.06	5364376.42
7栋	703	87.86	67.06	20.8	48160.18	4231353.415
7栋	705	87.6	66.86	20.74	47837.63	4190576.388
7栋	706	87.72	66.95	20.77	47923.94	4203888.017
7栋	601	87.86	67.06	20.8	46512.87	4086620.758
7栋	602	111.66	85.23	26.43	47962.06	5355443.62
7栋	603	87.86	67.06	20.8	48080.17	4224323.736
7栋	605	87.6	66.86	20.74	47757.63	4183568.388
7栋	606	87.72	66.95	20.77	47843.94	4196870.417
7栋	501	87.86	67.06	20.8	46432.87	4079591.958
7栋	502	111.66	85.23	26.43	47882.06	5346510.82
7栋	503	87.86	67.06	20.8	48000.17	4217294.936
7栋	505	87.6	66.86	20.74	47677.63	4176560.388
7栋	506	87.72	66.95	20.77	47763.94	4189852.817
7栋	401	87.86	67.06	20.8	46352.87	4072563.158
7栋	402	111.66	85.23	26.43	47802.06	5337578.02
7栋	403	87.86	67.06	20.8	47920.17	4210266.136
7栋	405	87.6	66.86	20.74	47597.63	4169552.388
7栋	406	87.72	66.95	20.77	47683.94	4182835.217